version https://git-lfs.github.com/spec/v1
oid sha256:1238d388dcc62d6cd8969ee54535f0d04da6ff6cd327d879c42e12a63d4c69d9
size 1524906203
